0,tcp,bgp,REJ,0,0,0,0,0,0,0,0,0,0,0,0,0,0,0,0,0,0,263,9,0.0,0.0,1.0,1.0,0.03,0.06,0.0,255,9,0.04,0.06,0.0,0.0,0.0,0.0,1.0,1.0,neptune,19
0,tcp,http,SF,337,1215,0,0,0,0,0,1,0,0,0,0,0,0,0,0,0,0,8,33,0.0,0.0,0.0,0.0,1.0,0.0,0.09,255,255,1.0,0.0,0.0,0.0,0.0,0.0,0.0,0.0,normal,21
0,tcp,efs,REJ,0,0,0,0,0,0,0,0,0,0,0,0,0,0,0,0,0,0,107,14,0.0,0.0,1.0,1.0,0.13,0.07,0.0,255,14,0.05,0.05,0.0,0.0,0.0,0.0,1.0,1.0,neptune,19
0,tcp,private,S0,0,0,0,0,0,0,0,0,0,0,0,0,0,0,0,0,0,0,112,12,0.44,0.67,0.56,0.33,0.11,0.06,0.0,255,12,0.05,0.06,0.0,0.0,0.19,0.67,0.81,0.33,neptune,21
0,tcp,ftp_data,SF,12,0,0,0,0,0,0,0,0,0,0,0,0,0,0,0,0,0,2,2,0.0,0.0,0.0,0.0,1.0,0.0,0.0,4,26,1.0,0.0,1.0,0.19,0.0,0.0,0.0,0.0,warezmaster,13
0,tcp,telnet,SF,128,174,0,0,0,0,1,0,0,0,0,0,0,0,0,0,0,0,1,1,0.0,0.0,0.0,0.0,1.0,0.0,0.0,255,255,1.0,0.0,0.0,0.0,0.01,0.01,0.02,0.02,guess_passwd,16
5,tcp,pop_3,SF,28,93,0,0,0,0,0,1,0,0,0,0,0,0,0,0,0,0,1,1,0.0,0.0,0.0,0.0,1.0,0.0,0.0,255,249,0.98,0.01,0.01,0.0,0.0,0.0,0.0,0.0,guess_passwd,18
0,tcp,telnet,S0,0,0,0,0,0,0,0,0,0,0,0,0,0,0,0,0,0,0,1,5,1.0,0.2,0.0,0.4,1.0,0.0,0.6,127,85,0.34,0.02,0.01,0.02,1.0,1.0,0.0,0.0,mscan,18
1,tcp,smtp,SF,1277,330,0,0,0,0,0,1,0,0,0,0,0,0,0,0,0,0,1,2,0.0,0.0,0.0,0.0,1.0,0.0,1.0,206,145,0.7,0.01,0.0,0.0,0.0,0.0,0.0,0.0,normal,21
0,udp,domain_u,SF,45,76,0,0,0,0,0,0,0,0,0,0,0,0,0,0,0,0,333,333,0.0,0.0,0.0,0.0,1.0,0.0,0.0,255,254,1.0,0.01,0.0,0.0,0.0,0.0,0.0,0.0,normal,18
4,tcp,pop_3,SF,28,93,0,0,0,0,0,1,0,0,0,0,0,0,0,0,0,0,1,1,0.0,0.0,0.0,0.0,1.0,0.0,0.0,255,251,0.98,0.01,0.0,0.0,0.0,0.0,0.01,0.0,guess_passwd,18
0,tcp,http,SF,234,2112,0,0,0,0,0,1,0,0,0,0,0,0,0,0,0,0,4,4,0.0,0.0,0.0,0.0,1.0,0.0,0.0,43,255,1.0,0.0,0.02,0.02,0.0,0.0,0.0,0.0,normal,21
0,tcp,other,REJ,0,0,0,0,0,0,0,0,0,0,0,0,0,0,0,0,0,0,511,1,0.05,0.0,0.95,1.0,0.0,1.0,0.0,255,1,0.0,1.0,0.0,0.0,0.05,0.0,0.95,1.0,saint,20
1,tcp,smtp,SF,2599,293,0,0,0,0,0,1,0,0,0,0,0,0,0,0,0,0,3,3,0.0,0.0,0.0,0.0,1.0,0.0,0.0,255,79,0.31,0.14,0.0,0.0,0.0,0.0,0.67,0.0,mailbomb,11
0,tcp,http,SF,198,347,0,0,0,0,0,1,0,0,0,0,0,0,0,0,0,0,14,14,0.0,0.0,0.0,0.0,1.0,0.0,0.0,255,255,1.0,0.0,0.0,0.0,0.0,0.0,0.0,0.0,normal,21
0,tcp,private,REJ,0,0,0,0,0,0,0,0,0,0,0,0,0,0,0,0,0,0,210,4,0.0,0.0,1.0,1.0,0.02,0.07,0.0,255,4,0.02,0.07,0.0,0.0,0.0,0.0,1.0,1.0,neptune,21
38701,tcp,smtp,S2,0,0,0,0,0,0,0,0,0,0,0,0,0,0,0,0,0,0,1,3,1.0,0.33,0.0,0.0,1.0,0.0,1.0,54,196,0.81,0.06,0.02,0.01,0.09,0.02,0.0,0.01,normal,18
282,tcp,ftp,SF,159,597,0,0,0,2,0,1,0,0,0,0,0,0,0,0,0,1,1,1,0.0,0.0,0.0,0.0,1.0,0.0,0.0,17,15,0.88,0.12,0.06,0.0,0.0,0.0,0.0,0.0,warezmaster,10
0,tcp,telnet,S3,0,44,0,0,0,0,0,0,0,0,0,0,0,0,0,0,0,0,1,1,1.0,1.0,0.0,0.0,1.0,0.0,0.0,255,132,0.52,0.03,0.0,0.0,0.22,0.42,0.11,0.1,processtable,19
0,icmp,ecr_i,SF,1032,0,0,0,0,0,0,0,0,0,0,0,0,0,0,0,0,0,109,109,0.0,0.0,0.0,0.0,1.0,0.0,0.0,255,254,1.0,0.01,1.0,0.0,0.0,0.0,0.0,0.0,smurf,21
0,tcp,http,SF,54540,8314,0,0,0,2,0,1,1,0,0,0,0,0,0,0,0,0,4,28,0.0,0.0,0.0,0.0,1.0,0.0,0.07,255,255,1.0,0.0,0.0,0.0,0.0,0.0,0.05,0.05,back,11
0,tcp,private,REJ,0,0,0,0,0,0,0,0,0,0,0,0,0,0,0,0,0,0,247,17,0.0,0.0,1.0,1.0,0.07,0.06,0.0,255,17,0.07,0.07,0.0,0.0,0.0,0.0,1.0,1.0,neptune,21
0,tcp,http,SF,199,694,0,0,0,0,0,1,0,0,0,0,0,0,0,0,0,0,8,8,0.0,0.0,0.0,0.0,1.0,0.0,0.0,50,255,1.0,0.0,0.02,0.01,0.0,0.0,0.0,0.0,normal,21
0,tcp,http,SF,293,662,0,0,0,0,0,1,0,0,0,0,0,0,0,0,0,0,54,54,0.0,0.0,0.0,0.0,1.0,0.0,0.0,255,255,1.0,0.0,0.0,0.0,0.0,0.0,0.0,0.0,normal,21
0,tcp,other,REJ,0,0,0,0,0,0,0,0,0,0,0,0,0,0,0,0,0,0,2,1,0.0,0.0,0.5,1.0,0.5,1.0,0.0,255,9,0.04,0.02,0.0,0.0,0.0,0.0,0.04,1.0,httptunnel,20
0,tcp,ftp_data,SF,151,0,0,0,0,0,0,0,0,0,0,0,0,0,0,0,0,0,2,2,0.0,0.0,0.0,0.0,1.0,0.0,0.0,115,55,0.23,0.21,0.4,0.05,0.01,0.02,0.01,0.0,normal,20
8140,tcp,telnet,SF,0,15,0,0,0,0,0,0,0,0,0,0,0,0,0,0,0,0,1,1,0.0,0.0,0.0,0.0,1.0,0.0,0.0,255,78,0.31,0.02,0.0,0.0,0.7,0.62,0.01,0.03,processtable,17
0,tcp,hostnames,REJ,0,0,0,0,0,0,0,0,0,0,0,0,0,0,0,0,0,0,217,1,0.0,0.0,1.0,1.0,0.0,0.07,0.0,255,1,0.0,0.07,0.0,0.0,0.0,0.0,1.0,1.0,neptune,19
0,tcp,vmnet,REJ,0,0,0,0,0,0,0,0,0,0,0,0,0,0,0,0,0,0,120,4,0.0,0.0,1.0,1.0,0.03,0.06,0.0,255,4,0.02,0.06,0.0,0.0,0.0,0.0,1.0,1.0,neptune,19
0,udp,private,SF,28,0,0,3,0,0,0,0,0,0,0,0,0,0,0,0,0,0,73,73,0.0,0.0,0.0,0.0,1.0,0.0,0.0,255,73,0.29,0.02,0.29,0.0,0.19,0.0,0.25,0.0,normal,3
0,tcp,private,REJ,0,0,0,0,0,0,0,0,0,0,0,0,0,0,0,0,0,0,221,4,0.0,0.0,1.0,1.0,0.02,0.07,0.0,255,4,0.02,0.07,0.0,0.0,0.0,0.0,1.0,1.0,neptune,21
0,tcp,http,SF,235,12823,0,0,0,0,0,1,0,0,0,0,0,0,0,0,0,0,2,2,0.0,0.0,0.0,0.0,1.0,0.0,0.0,255,255,1.0,0.0,0.0,0.0,0.0,0.0,0.0,0.0,normal,21
0,tcp,private,REJ,0,0,0,0,0,0,0,0,0,0,0,0,0,0,0,0,0,0,246,11,0.0,0.0,1.0,1.0,0.04,0.06,0.0,255,11,0.04,0.08,0.0,0.0,0.0,0.0,1.0,1.0,neptune,21
897,tcp,http,RSTR,57184,0,0,0,0,0,0,1,0,0,0,0,0,0,0,0,0,0,25,25,0.2,0.2,0.8,0.8,1.0,0.0,0.0,255,255,1.0,0.0,0.0,0.0,0.03,0.03,0.66,0.66,apache2,17
774,tcp,http,RSTR,81324,0,0,0,0,0,0,1,0,0,0,0,0,0,0,0,0,0,8,8,0.0,0.0,1.0,1.0,1.0,0.0,0.0,237,234,0.99,0.01,0.0,0.0,0.0,0.0,0.05,0.05,apache2,14
0,tcp,smtp,SF,5820,364,0,0,0,0,0,1,0,0,0,0,0,0,0,0,0,0,1,1,0.0,0.0,0.0,0.0,1.0,0.0,0.0,255,169,0.66,0.03,0.0,0.0,0.0,0.0,0.0,0.0,normal,21
0,icmp,ecr_i,SF,508,0,0,0,0,0,0,0,0,0,0,0,0,0,0,0,0,0,31,31,0.0,0.0,0.0,0.0,1.0,0.0,0.0,255,255,1.0,0.0,1.0,0.0,0.0,0.0,0.0,0.0,smurf,18
0,udp,domain_u,SF,45,158,0,0,0,0,0,0,0,0,0,0,0,0,0,0,0,0,108,188,0.0,0.0,0.0,0.0,0.99,0.02,0.01,255,254,1.0,0.01,0.0,0.0,0.0,0.0,0.0,0.0,normal,18
0,tcp,http,SF,221,17606,0,0,0,0,0,1,0,0,0,0,0,0,0,0,0,0,1,1,0.0,0.0,0.0,0.0,1.0,0.0,0.0,181,251,1.0,0.0,0.01,0.01,0.0,0.0,0.0,0.0,normal,21
0,tcp,http,SF,165,6808,0,0,0,0,0,1,0,0,0,0,0,0,0,0,0,0,10,10,0.0,0.0,0.0,0.0,1.0,0.0,0.0,82,255,1.0,0.0,0.01,0.02,0.01,0.0,0.0,0.0,normal,21
0,tcp,http,SF,201,7384,0,0,0,0,0,1,0,0,0,0,0,0,0,0,0,0,17,18,0.0,0.0,0.0,0.0,1.0,0.0,0.11,94,255,1.0,0.0,0.01,0.02,0.0,0.0,0.0,0.0,normal,21
4,tcp,pop_3,SF,30,93,0,0,0,0,0,1,0,0,0,0,0,0,0,0,0,0,2,1,0.0,0.0,0.5,0.0,0.5,1.0,0.0,255,222,0.87,0.02,0.0,0.0,0.0,0.0,0.03,0.0,guess_passwd,16
0,tcp,private,REJ,0,0,0,0,0,0,0,0,0,0,0,0,0,0,0,0,0,0,289,1,0.07,0.0,0.93,1.0,0.0,1.0,0.0,255,1,0.0,1.0,0.0,0.0,0.07,0.0,0.93,1.0,saint,20
282,tcp,ftp,SF,157,593,0,0,0,2,0,1,0,0,0,0,0,0,0,0,0,1,1,1,0.0,0.0,0.0,0.0,1.0,0.0,0.0,95,39,0.41,0.06,0.01,0.0,0.0,0.0,0.0,0.0,warezmaster,12
90,tcp,ftp,SF,110,351,0,0,0,1,0,1,0,0,0,0,0,0,0,0,0,0,1,1,0.0,0.0,0.0,0.0,1.0,0.0,0.0,148,1,0.01,0.05,0.01,0.0,0.01,0.0,0.0,0.0,httptunnel,4
281,tcp,ftp,SF,160,597,0,0,0,2,0,1,0,0,0,0,0,0,0,0,0,1,1,1,0.0,0.0,0.0,0.0,1.0,0.0,0.0,20,16,0.8,0.15,0.05,0.0,0.0,0.0,0.0,0.0,warezmaster,11
0,tcp,private,REJ,0,0,0,0,0,0,0,0,0,0,0,0,0,0,0,0,0,0,263,13,0.0,0.0,1.0,1.0,0.05,0.06,0.0,255,13,0.05,0.07,0.0,0.0,0.0,0.0,1.0,1.0,neptune,21
0,tcp,private,REJ,0,0,0,0,0,0,0,0,0,0,0,0,0,0,0,0,0,0,208,5,0.0,0.0,1.0,1.0,0.02,0.07,0.0,255,2,0.01,0.07,0.0,0.0,0.0,0.0,1.0,1.0,neptune,21
0,tcp,private,REJ,0,0,0,0,0,0,0,0,0,0,0,0,0,0,0,0,0,0,278,7,0.0,0.0,1.0,1.0,0.03,0.06,0.0,255,7,0.03,0.07,0.0,0.0,0.0,0.0,1.0,1.0,neptune,21
0,tcp,http,SF,301,1326,0,0,0,0,0,1,0,0,0,0,0,0,0,0,0,0,9,9,0.0,0.0,0.0,0.0,1.0,0.0,0.0,51,255,1.0,0.0,0.02,0.02,0.0,0.0,0.0,0.0,normal,21
0,udp,private,SF,1,1,0,0,0,0,0,0,0,0,0,0,0,0,0,0,0,0,105,13,0.0,0.0,0.0,0.0,0.12,0.63,0.0,255,13,0.05,0.77,0.67,0.0,0.05,0.0,0.27,0.0,normal,5
0,tcp,netbios_ns,REJ,0,0,0,0,0,0,0,0,0,0,0,0,0,0,0,0,0,0,129,18,0.0,0.0,1.0,1.0,0.14,0.07,0.0,255,18,0.07,0.07,0.0,0.0,0.0,0.0,1.0,1.0,neptune,20
0,tcp,http,SF,231,4218,0,0,0,0,0,1,0,0,0,0,0,0,0,0,0,0,2,4,0.0,0.0,0.0,0.0,1.0,0.0,0.5,106,255,1.0,0.0,0.01,0.01,0.0,0.0,0.0,0.0,normal,21
0,tcp,http,SF,293,655,0,0,0,0,0,1,0,0,0,0,0,0,0,0,0,0,37,47,0.0,0.0,0.0,0.0,1.0,0.0,0.04,255,255,1.0,0.0,0.0,0.0,0.01,0.01,0.0,0.0,normal,21
0,tcp,http,SF,209,770,0,0,0,0,0,1,0,0,0,0,0,0,0,0,0,0,1,2,0.0,0.0,0.0,0.0,1.0,0.0,1.0,255,255,1.0,0.0,0.0,0.0,0.0,0.0,0.0,0.0,normal,21
0,tcp,private,S0,0,0,0,0,0,0,0,0,0,0,0,0,0,0,0,0,0,0,127,10,1.0,1.0,0.0,0.0,0.08,0.06,0.0,255,10,0.04,0.06,0.0,0.0,1.0,1.0,0.0,0.0,neptune,21
0,tcp,uucp,RSTO,0,0,0,0,0,0,0,0,0,0,0,0,0,0,0,0,0,0,111,1,0.0,0.0,1.0,1.0,0.01,0.07,0.0,255,1,0.0,0.06,0.0,0.0,0.0,0.0,1.0,1.0,neptune,19
0,tcp,http,SF,214,645,0,0,0,0,0,1,0,0,0,0,0,0,0,0,0,0,30,30,0.0,0.0,0.0,0.0,1.0,0.0,0.0,255,255,1.0,0.0,0.0,0.0,0.0,0.0,0.0,0.0,normal,21
0,tcp,telnet,S0,0,0,0,0,0,0,0,0,0,0,0,0,0,0,0,0,0,0,62,62,1.0,1.0,0.0,0.0,1.0,0.0,0.0,135,71,0.53,0.13,0.01,0.0,0.46,0.87,0.04,0.0,neptune,18
281,tcp,ftp,SF,162,599,0,0,0,2,0,1,0,0,0,0,0,0,0,0,0,1,1,1,0.0,0.0,0.0,0.0,1.0,0.0,0.0,255,16,0.06,0.02,0.0,0.0,0.62,0.0,0.02,0.0,warezmaster,15
0,tcp,http,S0,0,0,0,0,0,0,0,0,0,0,0,0,0,0,0,0,0,0,41,41,0.63,0.63,0.34,0.34,1.0,0.0,0.0,255,255,1.0,0.0,0.0,0.0,0.13,0.13,0.7,0.7,apache2,17
0,tcp,pop_3,REJ,0,0,0,0,0,0,0,0,0,0,0,0,0,0,0,0,0,0,3,20,0.0,0.05,1.0,0.8,0.33,1.0,0.95,49,42,0.24,0.1,0.02,0.05,0.02,0.0,0.82,0.98,mscan,15
0,tcp,http,SF,326,546,0,0,0,0,0,1,0,0,0,0,0,0,0,0,0,0,1,1,0.0,0.0,0.0,0.0,1.0,0.0,0.0,42,255,1.0,0.0,0.02,0.02,0.0,0.0,0.0,0.0,normal,21
0,tcp,private,REJ,0,0,0,0,0,0,0,0,0,0,0,0,0,0,0,0,0,0,251,4,0.0,0.0,1.0,1.0,0.02,0.06,0.0,255,4,0.02,0.06,0.0,0.0,0.0,0.0,1.0,1.0,neptune,21
0,icmp,ecr_i,SF,1032,0,0,0,0,0,0,0,0,0,0,0,0,0,0,0,0,0,248,248,0.0,0.0,0.0,0.0,1.0,0.0,0.0,255,255,1.0,0.0,1.0,0.0,0.0,0.0,0.0,0.0,smurf,20
61,tcp,telnet,SF,195,2051,0,0,0,1,0,1,0,0,0,0,2,1,0,0,0,0,1,1,0.0,0.0,0.0,0.0,1.0,0.0,0.0,97,29,0.3,0.03,0.01,0.0,0.01,0.03,0.0,0.0,ps,0
0,icmp,ecr_i,SF,1032,0,0,0,0,0,0,0,0,0,0,0,0,0,0,0,0,0,38,38,0.0,0.0,0.0,0.0,1.0,0.0,0.0,255,255,1.0,0.0,1.0,0.0,0.0,0.0,0.0,0.0,smurf,18
0,tcp,gopher,REJ,0,0,0,0,0,0,0,0,0,0,0,0,0,0,0,0,0,0,240,20,0.0,0.0,1.0,1.0,0.08,0.07,0.0,255,20,0.08,0.07,0.0,0.0,0.0,0.0,1.0,1.0,neptune,20
0,tcp,telnet,SF,121,174,0,0,0,0,1,0,0,0,0,0,0,0,0,0,0,0,1,1,0.0,0.0,0.0,0.0,1.0,0.0,0.0,255,254,1.0,0.01,0.0,0.0,0.02,0.02,0.01,0.01,guess_passwd,13
1,tcp,smtp,SF,4329,432,0,0,0,0,0,1,0,0,0,0,0,0,0,0,0,0,1,3,0.0,0.0,0.0,0.0,1.0,0.0,1.0,190,166,0.57,0.03,0.01,0.01,0.0,0.0,0.0,0.0,normal,21
0,tcp,http,SF,206,12898,0,0,0,0,0,1,0,0,0,0,0,0,0,0,0,0,3,3,0.0,0.0,0.0,0.0,1.0,0.0,0.0,79,79,1.0,0.0,0.01,0.0,0.0,0.0,0.0,0.0,normal,21
0,tcp,ssh,S0,0,0,0,0,0,0,0,0,0,0,0,0,0,0,0,0,0,0,267,20,1.0,1.0,0.0,0.0,0.07,0.06,0.0,255,20,0.08,0.07,0.0,0.0,1.0,1.0,0.0,0.0,neptune,20
0,tcp,http,S0,0,0,0,0,0,0,0,0,0,0,0,0,0,0,0,0,0,0,270,11,1.0,1.0,0.0,0.0,0.04,0.07,0.0,255,11,0.04,0.07,0.0,0.0,1.0,1.0,0.0,0.0,neptune,21
0,tcp,other,REJ,0,0,0,0,0,0,0,0,0,0,0,0,0,0,0,0,0,0,511,1,0.09,0.0,0.91,1.0,0.0,1.0,0.0,255,1,0.0,1.0,0.0,0.0,0.13,0.0,0.87,1.0,saint,20
0,tcp,other,REJ,0,0,0,0,0,0,0,0,0,0,0,0,0,0,0,0,0,0,1,1,0.0,0.0,1.0,1.0,1.0,0.0,0.0,255,12,0.05,0.02,0.0,0.0,0.0,0.0,0.05,1.0,httptunnel,17
0,tcp,telnet,SF,126,174,0,0,0,0,1,0,0,0,0,0,0,0,0,0,0,0,1,1,0.0,0.0,0.0,0.0,1.0,0.0,0.0,255,255,1.0,0.0,0.0,0.0,0.01,0.01,0.02,0.02,guess_passwd,17
0,tcp,private,S0,0,0,0,0,0,0,0,0,0,0,0,0,0,0,0,0,0,0,128,2,1.0,1.0,0.0,0.0,0.02,0.06,0.0,255,2,0.01,0.05,0.0,0.0,1.0,1.0,0.0,0.0,neptune,21
0,tcp,telnet,S3,0,44,0,0,0,0,0,0,0,0,0,0,0,0,0,0,0,0,1,1,1.0,1.0,0.0,0.0,1.0,0.0,0.0,255,138,0.54,0.42,0.0,0.0,0.43,0.8,0.41,0.01,processtable,18
0,tcp,http,SF,315,421,0,0,0,0,0,1,0,0,0,0,0,0,0,0,0,0,3,40,0.0,0.0,0.0,0.0,1.0,0.0,0.12,255,255,1.0,0.0,0.0,0.0,0.0,0.0,0.0,0.0,normal,21
0,tcp,http,SF,301,490,0,0,0,0,0,1,0,0,0,0,0,0,0,0,0,0,9,11,0.0,0.0,0.0,0.0,1.0,0.0,0.18,38,255,1.0,0.0,0.03,0.02,0.0,0.0,0.0,0.0,normal,21
0,tcp,smtp,SF,672,330,0,0,0,0,0,1,0,0,0,0,0,0,0,0,0,0,1,1,0.0,0.0,0.0,0.0,1.0,0.0,0.0,137,96,0.7,0.06,0.01,0.0,0.0,0.0,0.01,0.0,normal,21
0,tcp,private,S0,0,0,0,0,0,0,0,0,0,0,0,0,0,0,0,0,0,0,130,18,1.0,1.0,0.0,0.0,0.14,0.06,0.0,255,18,0.07,0.07,0.0,0.0,1.0,1.0,0.0,0.0,neptune,21
0,tcp,private,S0,0,0,0,0,0,0,0,0,0,0,0,0,0,0,0,0,0,0,281,13,1.0,1.0,0.0,0.0,0.05,0.06,0.0,255,13,0.05,0.06,0.0,0.0,1.0,1.0,0.0,0.0,neptune,21
0,tcp,http,SF,341,905,0,0,0,0,0,1,0,0,0,0,0,0,0,0,0,0,6,6,0.0,0.0,0.0,0.0,1.0,0.0,0.0,20,255,1.0,0.0,0.05,0.01,0.0,0.0,0.0,0.0,normal,21
0,tcp,private,REJ,0,0,0,0,0,0,0,0,0,0,0,0,0,0,0,0,0,0,114,12,0.0,0.0,1.0,1.0,0.11,0.06,0.0,255,12,0.05,0.06,0.0,0.0,0.0,0.0,1.0,1.0,neptune,21
0,tcp,http,SF,332,1539,0,0,0,0,0,1,0,0,0,0,0,0,0,0,0,0,11,12,0.0,0.0,0.0,0.0,1.0,0.0,0.17,63,232,1.0,0.0,0.02,0.04,0.0,0.0,0.0,0.0,normal,21
0,icmp,eco_i,SF,18,0,0,0,0,0,0,0,0,0,0,0,0,0,0,0,0,0,1,1,0.0,0.0,0.0,0.0,1.0,0.0,0.0,1,81,1.0,0.0,1.0,1.0,0.0,0.0,0.0,0.0,ipsweep,18
3,tcp,http,RSTR,32120,7300,0,0,0,1,0,1,0,0,0,0,0,0,0,0,0,0,3,3,0.0,0.0,0.67,0.67,1.0,0.0,0.0,255,255,1.0,0.0,0.0,0.0,0.01,0.01,0.06,0.06,back,11
0,tcp,http,SF,269,10972,0,0,0,0,0,1,0,0,0,0,0,0,0,0,0,0,6,6,0.17,0.17,0.0,0.0,1.0,0.0,0.0,255,255,1.0,0.0,0.0,0.0,0.01,0.01,0.0,0.0,normal,20
0,tcp,http,SF,299,5292,0,0,0,0,0,1,0,0,0,0,0,0,0,0,0,0,4,19,0.0,0.0,0.0,0.0,1.0,0.0,0.11,206,255,1.0,0.0,0.0,0.01,0.0,0.0,0.0,0.0,normal,21
0,udp,private,SF,1,1,0,0,0,0,0,0,0,0,0,0,0,0,0,0,0,0,19,4,0.0,0.0,0.0,0.0,0.21,0.21,0.0,255,4,0.02,0.41,0.65,0.0,0.0,0.0,0.32,0.0,normal,0
0,tcp,uucp_path,REJ,0,0,0,0,0,0,0,0,0,0,0,0,0,0,0,0,0,0,259,16,0.0,0.0,1.0,1.0,0.06,0.07,0.0,255,16,0.06,0.07,0.0,0.0,0.0,0.0,1.0,1.0,neptune,20
0,tcp,http,SF,217,187,0,0,0,0,0,1,0,0,0,0,0,0,0,0,0,0,8,8,0.0,0.0,0.0,0.0,1.0,0.0,0.0,255,255,1.0,0.0,0.01,0.0,0.0,0.0,0.0,0.0,normal,21
0,tcp,other,REJ,0,0,0,0,0,0,0,0,0,0,0,0,0,0,0,0,0,0,482,1,0.06,0.0,0.94,1.0,0.0,1.0,0.0,255,1,0.0,1.0,0.0,0.0,0.06,0.0,0.94,1.0,saint,20
0,tcp,ctf,S0,0,0,0,0,0,0,0,0,0,0,0,0,0,0,0,0,0,0,300,14,1.0,1.0,0.0,0.0,0.05,0.05,0.0,255,14,0.05,0.06,0.0,0.0,1.0,1.0,0.0,0.0,neptune,19
0,icmp,ecr_i,SF,508,0,0,0,0,0,0,0,0,0,0,0,0,0,0,0,0,0,511,511,0.0,0.0,0.0,0.0,1.0,0.0,0.0,255,162,0.64,0.02,0.64,0.0,0.0,0.0,0.33,0.0,smurf,18
0,tcp,private,REJ,0,0,0,0,0,0,0,0,0,0,0,0,0,0,0,0,0,0,227,6,0.0,0.0,1.0,1.0,0.03,0.08,0.0,255,6,0.02,0.09,0.0,0.0,0.0,0.0,1.0,1.0,neptune,21
0,tcp,http,SF,225,736,0,0,0,0,0,1,0,0,0,0,0,0,0,0,0,0,3,6,0.0,0.0,0.0,0.0,1.0,0.0,0.33,176,255,1.0,0.0,0.01,0.04,0.0,0.0,0.0,0.0,normal,21
0,tcp,pop_3,REJ,0,0,0,0,0,0,0,0,0,0,0,0,0,0,0,0,0,0,3,5,0.0,0.0,1.0,1.0,0.33,1.0,1.0,252,18,0.07,0.03,0.0,0.0,0.0,0.0,0.24,1.0,mscan,15
0,tcp,http,SF,271,892,0,0,0,0,0,1,0,0,0,0,0,0,0,0,0,0,13,14,0.0,0.0,0.0,0.0,1.0,0.0,0.14,251,255,1.0,0.0,0.0,0.01,0.0,0.0,0.0,0.0,normal,21
0,tcp,private,REJ,0,0,0,0,0,0,0,0,0,0,0,0,0,0,0,0,0,0,114,5,0.0,0.0,1.0,1.0,0.04,0.07,0.0,255,5,0.02,0.06,0.0,0.0,0.0,0.0,1.0,1.0,neptune,21
0,tcp,http,SF,54540,8314,0,0,0,2,0,1,1,0,0,0,0,0,0,0,0,0,6,6,0.0,0.0,0.33,0.33,1.0,0.0,0.0,255,255,1.0,0.0,0.0,0.0,0.01,0.01,0.06,0.06,back,16
0,udp,private,SF,47,44,0,0,0,0,0,0,0,0,0,0,0,0,0,0,0,0,162,162,0.0,0.0,0.0,0.0,1.0,0.0,0.0,255,255,1.0,0.0,0.63,0.0,0.0,0.0,0.0,0.0,normal,14
0,tcp,http,SF,195,1556,0,0,0,0,0,1,0,0,0,0,0,0,0,0,0,0,2,3,0.0,0.0,0.0,0.0,1.0,0.0,0.67,30,255,1.0,0.0,0.03,0.02,0.0,0.0,0.0,0.0,normal,21
0,icmp,ecr_i,SF,40008,0,0,0,0,0,0,0,0,0,0,0,0,0,0,0,0,0,3,3,0.0,0.0,0.0,0.0,1.0,0.0,0.0,37,37,1.0,0.0,1.0,0.0,0.0,0.0,0.0,0.0,normal,10
0,tcp,ftp_data,SF,12,0,0,0,0,0,0,0,0,0,0,0,0,0,0,0,0,0,2,3,0.0,0.0,0.0,0.0,1.0,0.0,0.67,4,10,1.0,0.0,1.0,0.3,0.0,0.0,0.0,0.0,warezmaster,14
0,udp,private,SF,54,53,0,0,0,0,0,0,0,0,0,0,0,0,0,0,0,0,511,511,0.0,0.0,0.0,0.0,1.0,0.0,0.0,255,255,1.0,0.0,0.98,0.0,0.0,0.0,0.0,0.0,normal,17
4,tcp,pop_3,SF,32,93,0,0,0,0,0,1,0,0,0,0,0,0,0,0,0,0,1,1,0.0,0.0,0.0,0.0,1.0,0.0,0.0,47,46,0.96,0.04,0.02,0.04,0.0,0.0,0.0,0.0,guess_passwd,6
0,tcp,pop_3,SF,30,217,0,0,0,0,0,1,0,0,0,0,0,0,0,0,0,0,8,1,0.0,0.0,0.0,0.0,0.12,0.25,0.0,255,2,0.01,0.02,0.0,0.0,0.0,0.0,0.02,0.0,guess_passwd,13
0,tcp,http,SF,306,728,0,0,0,0,0,1,0,0,0,0,0,0,0,0,0,0,21,21,0.0,0.0,0.0,0.0,1.0,0.0,0.0,198,255,1.0,0.0,0.01,0.01,0.0,0.0,0.0,0.0,normal,21
0,icmp,ecr_i,SF,1032,0,0,0,0,0,0,0,0,0,0,0,0,0,0,0,0,0,13,13,0.0,0.0,0.0,0.0,1.0,0.0,0.0,255,255,1.0,0.0,1.0,0.0,0.0,0.0,0.0,0.0,smurf,20
0,tcp,http,SF,305,4925,0,0,0,0,0,1,0,0,0,0,0,0,0,0,0,0,6,6,0.0,0.0,0.0,0.0,1.0,0.0,0.0,45,255,1.0,0.0,0.02,0.04,0.0,0.0,0.0,0.0,normal,21
0,tcp,http,SF,217,2445,0,0,0,0,0,1,0,0,0,0,0,0,0,0,0,0,11,11,0.0,0.0,0.0,0.0,1.0,0.0,0.0,245,255,1.0,0.0,0.0,0.01,0.0,0.0,0.0,0.0,normal,21
0,tcp,http,SF,223,1781,0,0,0,0,0,1,0,0,0,0,0,0,0,0,0,0,6,8,0.0,0.0,0.0,0.0,1.0,0.0,0.25,27,255,1.0,0.0,0.04,0.04,0.0,0.0,0.0,0.0,normal,21
0,tcp,private,S0,0,0,0,0,0,0,0,0,0,0,0,0,0,0,0,0,0,0,220,14,1.0,1.0,0.0,0.0,0.06,0.05,0.0,255,14,0.05,0.07,0.0,0.0,1.0,1.0,0.0,0.0,neptune,21
0,tcp,private,REJ,0,0,0,0,0,0,0,0,0,0,0,0,0,0,0,0,0,0,394,1,0.06,0.0,0.93,1.0,0.0,1.0,0.0,255,1,0.0,1.0,0.0,0.0,0.04,0.0,0.95,1.0,satan,17
0,udp,domain_u,SF,43,109,0,0,0,0,0,0,0,0,0,0,0,0,0,0,0,0,64,144,0.0,0.0,0.0,0.0,0.98,0.03,0.01,255,254,1.0,0.01,0.0,0.0,0.0,0.0,0.0,0.0,normal,20
0,udp,private,SF,43,0,0,0,0,0,0,0,0,0,0,0,0,0,0,0,0,0,3,3,0.0,0.0,0.0,0.0,1.0,0.0,0.0,255,253,0.99,0.01,0.01,0.0,0.0,0.0,0.0,0.0,snmpguess,14
0,tcp,gopher,S0,0,0,0,0,0,0,0,0,0,0,0,0,0,0,0,0,0,0,186,4,1.0,1.0,0.0,0.0,0.02,0.09,0.0,255,4,0.02,0.09,0.0,0.0,1.0,1.0,0.0,0.0,neptune,19
0,tcp,private,REJ,0,0,0,0,0,0,0,0,0,0,0,0,0,0,0,0,0,0,224,2,0.0,0.0,1.0,1.0,0.01,0.06,0.0,255,2,0.01,0.07,0.0,0.0,0.0,0.0,1.0,1.0,neptune,21
0,tcp,uucp,RSTO,0,0,0,0,0,0,0,0,0,0,0,0,0,0,0,0,0,0,107,5,0.0,0.0,1.0,1.0,0.05,0.08,0.0,255,5,0.02,0.06,0.0,0.0,0.0,0.0,1.0,1.0,neptune,20
0,tcp,private,REJ,0,0,0,0,0,0,0,0,0,0,0,0,0,0,0,0,0,0,134,17,0.0,0.0,1.0,1.0,0.13,0.06,0.0,255,17,0.07,0.06,0.0,0.0,0.0,0.0,0.93,1.0,neptune,21
0,tcp,ftp,SF,26,157,0,0,0,0,1,0,0,0,0,0,0,0,0,0,0,1,1,1,0.0,0.0,0.0,0.0,1.0,0.0,0.0,230,116,0.5,0.03,0.0,0.0,0.0,0.0,0.0,0.0,guess_passwd,8
0,tcp,pop_3,S0,0,0,0,0,0,0,0,0,0,0,0,0,0,0,0,0,0,0,1,2,1.0,1.0,0.0,0.0,1.0,0.0,1.0,243,85,0.33,0.01,0.0,0.02,1.0,1.0,0.0,0.0,mscan,19
0,tcp,ftp_data,SF,12,0,0,0,0,0,0,0,0,0,0,0,0,0,0,0,0,0,2,2,0.0,0.0,0.0,0.0,1.0,0.0,0.0,89,34,0.16,0.07,0.16,0.06,0.0,0.0,0.0,0.0,warezmaster,4
0,tcp,http,SF,265,350,0,0,0,0,0,1,0,0,0,0,0,0,0,0,0,0,9,9,0.0,0.0,0.0,0.0,1.0,0.0,0.0,255,255,1.0,0.0,0.0,0.0,0.0,0.0,0.0,0.0,normal,21
0,tcp,http,SF,213,728,0,0,0,0,0,1,0,0,0,0,0,0,0,0,0,0,8,8,0.0,0.0,0.0,0.0,1.0,0.0,0.0,8,255,1.0,0.0,0.12,0.02,0.0,0.0,0.0,0.0,normal,21
0,udp,private,SF,1,0,0,0,0,0,0,0,0,0,0,0,0,0,0,0,0,0,105,1,0.0,0.0,0.0,0.0,0.01,1.0,0.0,255,1,0.0,1.0,1.0,0.0,0.0,0.0,0.0,0.0,satan,16
0,tcp,http,SF,329,834,0,0,0,0,0,1,0,0,0,0,0,0,0,0,0,0,8,8,0.0,0.0,0.0,0.0,1.0,0.0,0.0,45,236,1.0,0.0,0.02,0.04,0.0,0.0,0.0,0.0,normal,21
0,icmp,ecr_i,SF,1032,0,0,0,0,0,0,0,0,0,0,0,0,0,0,0,0,0,284,284,0.0,0.0,0.0,0.0,1.0,0.0,0.0,255,255,1.0,0.0,1.0,0.0,0.0,0.0,0.0,0.0,smurf,18
0,tcp,ftp_data,SF,2191,0,0,0,0,0,0,0,0,0,0,0,0,0,0,0,0,0,13,13,0.0,0.0,0.0,0.0,1.0,0.0,0.0,209,32,0.15,0.02,0.15,0.0,0.0,0.0,0.0,0.0,normal,21
0,tcp,private,S0,0,0,0,0,0,0,0,0,0,0,0,0,0,0,0,0,0,0,271,9,0.78,1.0,0.22,0.0,0.03,0.06,0.0,255,9,0.04,0.06,0.0,0.0,0.79,1.0,0.2,0.0,neptune,21
0,tcp,http,SF,215,1769,0,0,0,0,0,1,0,0,0,0,0,0,0,0,0,0,32,33,0.0,0.0,0.0,0.0,1.0,0.0,0.06,255,255,1.0,0.0,0.0,0.0,0.01,0.01,0.0,0.0,normal,21
0,tcp,http,SF,218,3907,0,0,0,0,0,1,0,0,0,0,0,0,0,0,0,0,2,7,0.0,0.0,0.0,0.0,1.0,0.0,0.43,255,255,1.0,0.0,0.0,0.0,0.0,0.0,0.0,0.0,normal,21
282,tcp,ftp,SF,158,595,0,0,0,2,0,1,0,0,0,0,0,0,0,0,0,1,1,1,0.0,0.0,0.0,0.0,1.0,0.0,0.0,255,11,0.04,0.02,0.0,0.0,0.79,0.0,0.02,0.0,warezmaster,15
0,tcp,smtp,SF,0,83,0,0,0,0,0,1,0,0,0,0,0,0,0,0,0,0,2,3,0.0,0.0,0.0,0.0,1.0,0.0,0.67,167,190,0.81,0.02,0.01,0.01,0.0,0.0,0.0,0.02,normal,18
0,tcp,private,S0,0,0,0,0,0,0,0,0,0,0,0,0,0,0,0,0,0,0,113,7,1.0,1.0,0.0,0.0,0.06,0.08,0.0,255,7,0.03,0.06,0.0,0.0,1.0,1.0,0.0,0.0,neptune,21
0,tcp,http,SF,315,370,0,0,0,0,0,1,0,0,0,0,0,0,0,0,0,0,1,1,0.0,0.0,0.0,0.0,1.0,0.0,0.0,4,255,1.0,0.0,0.25,0.03,0.0,0.0,0.0,0.0,normal,21
8060,tcp,telnet,SF,0,15,0,0,0,0,0,0,0,0,0,0,0,0,0,0,0,0,1,1,0.0,0.0,0.0,0.0,1.0,0.0,0.0,255,73,0.29,0.03,0.0,0.0,0.01,0.03,0.11,0.18,processtable,8
0,udp,domain_u,SF,45,128,0,0,0,0,0,0,0,0,0,0,0,0,0,0,0,0,103,183,0.0,0.0,0.0,0.0,1.0,0.0,0.01,255,255,1.0,0.0,0.0,0.0,0.0,0.0,0.0,0.0,normal,18
0,udp,domain_u,SF,45,45,0,0,0,0,0,0,0,0,0,0,0,0,0,0,0,0,4,7,0.0,0.0,0.0,0.0,1.0,0.0,0.29,91,89,0.98,0.02,0.02,0.0,0.0,0.0,0.0,0.0,normal,21
0,tcp,ftp_data,SF,35892,0,0,0,0,0,0,0,0,0,0,0,0,0,0,0,0,0,1,1,0.0,0.0,0.0,0.0,1.0,0.0,0.0,114,24,0.18,0.04,0.18,0.08,0.0,0.0,0.0,0.0,normal,20
118,tcp,http,SF,206,292,0,0,0,0,0,1,0,0,0,0,0,0,0,0,0,0,4,4,0.0,0.0,0.0,0.0,1.0,0.0,0.0,11,255,1.0,0.0,0.09,0.02,0.0,0.0,0.0,0.0,normal,21
0,tcp,private,REJ,0,0,0,0,0,0,0,0,0,0,0,0,0,0,0,0,0,0,267,19,0.0,0.0,1.0,1.0,0.07,0.07,0.0,255,19,0.07,0.07,0.0,0.0,0.0,0.0,1.0,1.0,neptune,21
0,tcp,private,REJ,0,0,0,0,0,0,0,0,0,0,0,0,0,0,0,0,0,0,113,4,0.0,0.0,1.0,1.0,0.04,0.08,0.0,255,4,0.02,0.06,0.0,0.0,0.0,0.0,1.0,1.0,neptune,21
0,tcp,http,SF,235,3222,0,0,0,0,0,1,0,0,0,0,0,0,0,0,0,0,7,7,0.0,0.0,0.0,0.0,1.0,0.0,0.0,255,255,1.0,0.0,0.0,0.0,0.0,0.0,0.0,0.0,normal,21
0,tcp,ftp_data,SF,1030,0,0,0,0,0,0,0,0,0,0,0,0,0,0,0,0,0,1,1,0.0,0.0,0.0,0.0,1.0,0.0,0.0,129,58,0.19,0.02,0.19,0.03,0.0,0.0,0.0,0.0,normal,21
0,tcp,telnet,S3,0,44,0,0,0,0,0,0,0,0,0,0,0,0,0,0,0,0,1,1,1.0,1.0,0.0,0.0,1.0,0.0,0.0,255,138,0.54,0.02,0.0,0.0,0.53,0.46,0.01,0.01,processtable,18
4,tcp,pop_3,SF,32,93,0,0,0,0,0,1,0,0,0,0,0,0,0,0,0,0,1,1,0.0,0.0,0.0,0.0,1.0,0.0,0.0,127,112,0.87,0.02,0.01,0.02,0.0,0.0,0.08,0.0,guess_passwd,7
1,tcp,pop_3,RSTO,0,36,0,0,0,0,0,1,0,0,0,0,0,0,0,0,0,0,3,2,0.0,0.0,1.0,1.0,0.33,1.0,1.0,194,59,0.24,0.03,0.01,0.03,0.01,0.02,0.88,0.97,mscan,14
0,tcp,http,SF,222,324,0,0,0,0,0,1,0,0,0,0,0,0,0,0,0,0,3,3,0.0,0.0,0.0,0.0,1.0,0.0,0.0,19,243,1.0,0.0,0.05,0.08,0.0,0.0,0.0,0.0,normal,21
0,tcp,private,REJ,0,0,0,0,0,0,0,0,0,0,0,0,0,0,0,0,0,0,128,12,0.0,0.0,1.0,1.0,0.09,0.05,0.0,255,12,0.05,0.06,0.0,0.0,0.0,0.0,1.0,1.0,neptune,21
0,tcp,private,REJ,0,0,0,0,0,0,0,0,0,0,0,0,0,0,0,0,0,0,1,1,0.0,0.0,1.0,1.0,1.0,0.0,0.0,255,1,0.0,0.99,0.99,0.0,0.0,0.0,0.98,1.0,portsweep,18
0,tcp,other,REJ,0,0,0,0,0,0,0,0,0,0,0,0,0,0,0,0,0,0,486,1,0.04,0.0,0.96,1.0,0.0,1.0,0.0,255,1,0.0,1.0,0.0,0.0,0.07,0.0,0.93,1.0,satan,20
8108,tcp,telnet,SF,0,15,0,0,0,0,0,0,0,0,0,0,0,0,0,0,0,0,1,1,0.0,0.0,0.0,0.0,1.0,0.0,0.0,255,83,0.33,0.02,0.0,0.0,0.67,0.54,0.01,0.02,processtable,17
7290,tcp,telnet,SF,0,44,0,0,0,0,0,0,0,0,0,0,0,0,0,0,0,0,1,1,0.0,0.0,0.0,0.0,1.0,0.0,0.0,255,229,0.9,0.11,0.0,0.0,0.5,0.55,0.11,0.01,processtable,18
0,tcp,private,S0,0,0,0,0,0,0,0,0,0,0,0,0,0,0,0,0,0,0,142,19,1.0,1.0,0.0,0.0,0.13,0.06,0.0,255,19,0.07,0.05,0.0,0.0,1.0,1.0,0.0,0.0,neptune,21
0,udp,private,SF,54,55,0,0,0,0,0,0,0,0,0,0,0,0,0,0,0,0,509,509,0.0,0.0,0.0,0.0,1.0,0.0,0.0,255,255,1.0,0.0,0.86,0.0,0.0,0.0,0.0,0.0,normal,17
0,tcp,http,SF,340,3641,0,0,0,0,0,1,0,0,0,0,0,0,0,0,0,0,21,65,0.0,0.0,0.0,0.0,1.0,0.0,0.06,255,255,1.0,0.0,0.0,0.0,0.0,0.0,0.0,0.0,normal,21
0,udp,private,SF,105,105,0,0,0,0,0,0,0,0,0,0,0,0,0,0,0,0,2,2,0.0,0.0,0.0,0.0,1.0,0.0,0.0,255,253,0.99,0.01,0.0,0.0,0.0,0.0,0.0,0.0,snmpgetattack,4
0,tcp,private,S0,0,0,0,0,0,0,0,0,0,0,0,0,0,0,0,0,0,0,275,9,1.0,1.0,0.0,0.0,0.03,0.07,0.0,255,9,0.04,0.07,0.0,0.0,1.0,1.0,0.0,0.0,neptune,21
0,tcp,private,S0,0,0,0,0,0,0,0,0,0,0,0,0,0,0,0,0,0,0,174,4,1.0,1.0,0.0,0.0,0.02,0.08,0.0,255,4,0.02,0.08,0.0,0.0,1.0,1.0,0.0,0.0,neptune,21
0,tcp,telnet,SF,124,174,0,0,0,0,1,0,0,0,0,0,0,0,0,0,0,0,1,1,0.0,0.0,0.0,0.0,1.0,0.0,0.0,255,249,0.98,0.01,0.0,0.0,0.0,0.0,0.02,0.02,guess_passwd,16
280,tcp,ftp_data,SF,283618,0,0,0,0,0,0,0,0,0,0,0,0,0,0,0,0,0,2,2,0.0,0.0,0.0,0.0,1.0,0.0,0.0,4,14,1.0,0.0,1.0,0.14,0.0,0.0,0.0,0.0,warezmaster,19
0,udp,private,SF,105,105,0,0,0,0,0,0,0,0,0,0,0,0,0,0,0,0,2,2,0.0,0.0,0.0,0.0,1.0,0.0,0.0,255,254,1.0,0.01,0.01,0.0,0.0,0.0,0.0,0.0,normal,16
0,udp,private,SF,54,57,0,0,0,0,0,0,0,0,0,0,0,0,0,0,0,0,510,510,0.0,0.0,0.0,0.0,1.0,0.0,0.0,255,255,1.0,0.0,0.84,0.0,0.0,0.0,0.0,0.0,normal,17
0,tcp,http,SF,345,1282,0,0,0,0,0,1,0,0,0,0,0,0,0,0,0,0,16,16,0.0,0.0,0.0,0.0,1.0,0.0,0.0,255,255,1.0,0.0,0.0,0.0,0.0,0.0,0.0,0.0,normal,21
0,icmp,eco_i,SF,20,0,0,0,0,0,0,0,0,0,0,0,0,0,0,0,0,0,1,68,0.0,0.0,0.0,0.0,1.0,0.0,1.0,4,64,1.0,0.0,1.0,0.25,0.0,0.0,0.0,0.0,saint,15
0,tcp,http,SF,54540,8314,0,0,0,2,0,1,1,0,0,0,0,0,0,0,0,0,3,22,0.0,0.0,0.0,0.0,1.0,0.0,0.14,255,254,1.0,0.01,0.0,0.0,0.0,0.0,0.01,0.01,back,12
0,icmp,eco_i,SF,20,0,0,0,0,0,0,0,0,0,0,0,0,0,0,0,0,0,1,71,0.0,0.0,0.0,0.0,1.0,0.0,1.0,2,190,1.0,0.0,1.0,0.25,0.0,0.0,0.0,0.0,saint,16
0,icmp,ecr_i,SF,1008,0,0,0,0,0,0,0,0,0,0,0,0,0,0,0,0,0,328,328,0.0,0.0,0.0,0.0,1.0,0.0,0.0,255,255,1.0,0.0,1.0,0.0,0.0,0.0,0.0,0.0,smurf,18
4,tcp,pop_3,SF,32,93,0,0,0,0,0,1,0,0,0,0,0,0,0,0,0,0,1,1,0.0,0.0,0.0,0.0,1.0,0.0,0.0,255,241,0.95,0.02,0.0,0.0,0.0,0.0,0.02,0.0,guess_passwd,18
0,udp,domain_u,SF,42,152,0,0,0,0,0,0,0,0,0,0,0,0,0,0,0,0,69,148,0.0,0.0,0.0,0.0,1.0,0.0,0.01,255,254,1.0,0.01,0.0,0.0,0.0,0.0,0.0,0.0,normal,20
0,tcp,private,SH,0,0,0,0,0,0,0,0,0,0,0,0,0,0,0,0,0,0,1,1,1.0,1.0,0.0,0.0,1.0,0.0,0.0,81,1,0.01,1.0,1.0,0.0,1.0,1.0,0.0,0.0,nmap,18
0,tcp,http,SF,273,341,0,0,0,0,0,1,0,0,0,0,0,0,0,0,0,0,10,10,0.0,0.0,0.0,0.0,1.0,0.0,0.0,255,255,1.0,0.0,0.0,0.0,0.0,0.0,0.0,0.0,normal,21
0,tcp,private,REJ,0,0,0,0,0,0,0,0,0,0,0,0,0,0,0,0,0,0,103,9,0.0,0.0,1.0,1.0,0.09,0.07,0.0,255,9,0.04,0.05,0.0,0.0,0.0,0.0,1.0,1.0,neptune,21
0,tcp,http,SF,210,21328,0,0,0,0,0,1,0,0,0,0,0,0,0,0,0,0,6,6,0.0,0.0,0.0,0.0,1.0,0.0,0.0,48,255,1.0,0.0,0.02,0.05,0.0,0.0,0.0,0.0,normal,21
0,tcp,telnet,S3,0,44,0,0,0,0,0,0,0,0,0,0,0,0,0,0,0,0,1,1,1.0,1.0,0.0,0.0,1.0,0.0,0.0,255,121,0.47,0.47,0.0,0.0,0.36,0.77,0.47,0.02,processtable,18
0,tcp,private,S0,0,0,0,0,0,0,0,0,0,0,0,0,0,0,0,0,0,0,163,17,1.0,1.0,0.0,0.0,0.1,0.07,0.0,255,17,0.07,0.07,0.0,0.0,1.0,1.0,0.0,0.0,neptune,21
0,tcp,pop_3,SF,52,1566,0,0,0,0,0,1,0,0,0,0,0,0,0,0,0,0,1,1,0.0,0.0,0.0,0.0,1.0,0.0,0.0,5,4,0.2,0.6,0.2,0.5,0.0,0.0,0.2,0.0,normal,20
7294,tcp,telnet,SF,0,44,0,0,0,0,0,0,0,0,0,0,0,0,0,0,0,0,1,1,0.0,0.0,0.0,0.0,1.0,0.0,0.0,255,229,0.9,0.11,0.0,0.0,0.5,0.55,0.11,0.01,processtable,18
2079,tcp,http,RSTR,72716,0,0,0,0,0,0,1,0,0,0,0,0,0,0,0,0,0,10,10,0.0,0.0,1.0,1.0,1.0,0.0,0.0,255,236,0.93,0.02,0.0,0.0,0.0,0.0,0.16,0.18,apache2,15
0,tcp,http,SF,211,710,0,0,0,0,0,1,0,0,0,0,0,0,0,0,0,0,2,2,0.0,0.0,0.0,0.0,1.0,0.0,0.0,86,255,1.0,0.0,0.01,0.06,0.0,0.0,0.0,0.0,normal,21
0,udp,domain_u,SF,72,43,0,0,0,0,0,0,0,0,0,0,0,0,0,0,0,0,297,297,0.0,0.0,0.0,0.0,1.0,0.0,0.0,224,201,0.9,0.01,0.57,0.0,0.0,0.0,0.0,0.0,normal,18
0,tcp,http,S1,220,29200,0,0,0,0,0,1,0,0,0,0,0,0,0,0,0,0,2,2,0.5,0.5,0.0,0.0,1.0,0.0,0.0,20,251,1.0,0.0,0.05,0.02,0.05,0.0,0.0,0.0,normal,18
0,tcp,other,REJ,0,0,0,0,0,0,0,0,0,0,0,0,0,0,0,0,0,0,510,1,0.02,0.0,0.98,1.0,0.0,1.0,0.0,255,1,0.0,1.0,0.0,0.0,0.0,0.0,1.0,1.0,satan,20
0,tcp,netbios_ns,S0,0,0,0,0,0,0,0,0,0,0,0,0,0,0,0,0,0,0,172,20,1.0,1.0,0.0,0.0,0.12,0.09,0.0,255,20,0.08,0.1,0.0,0.0,1.0,1.0,0.0,0.0,neptune,18
0,tcp,http,SF,229,2494,0,0,0,0,0,1,0,0,0,0,0,0,0,0,0,0,10,10,0.0,0.0,0.0,0.0,1.0,0.0,0.0,218,255,1.0,0.0,0.0,0.03,0.0,0.0,0.0,0.0,normal,21
0,udp,domain_u,SF,44,137,0,0,0,0,0,0,0,0,0,0,0,0,0,0,0,0,145,224,0.0,0.0,0.0,0.0,1.0,0.0,0.01,255,255,1.0,0.0,0.0,0.0,0.0,0.0,0.0,0.0,normal,18
2079,tcp,http,RSTR,69644,0,0,0,0,0,0,1,0,0,0,0,0,0,0,0,0,0,12,12,0.0,0.0,1.0,1.0,1.0,0.0,0.0,255,237,0.93,0.01,0.0,0.0,0.0,0.0,0.17,0.19,apache2,14
0,tcp,private,REJ,0,0,0,0,0,0,0,0,0,0,0,0,0,0,0,0,0,0,118,13,0.0,0.0,1.0,1.0,0.11,0.08,0.0,255,13,0.05,0.06,0.0,0.0,0.0,0.0,1.0,1.0,neptune,21
0,tcp,http,SF,281,758,0,0,0,0,0,1,0,0,0,0,0,0,0,0,0,0,3,10,0.0,0.0,0.0,0.0,1.0,0.0,0.2,243,255,1.0,0.0,0.0,0.01,0.0,0.0,0.0,0.0,normal,21
0,tcp,smtp,SF,2318,336,0,0,0,0,0,1,0,0,0,0,0,0,0,0,0,0,1,1,0.0,0.0,0.0,0.0,1.0,0.0,0.0,90,177,0.79,0.04,0.01,0.01,0.0,0.0,0.0,0.0,normal,21
282,tcp,ftp,SF,158,593,0,0,0,2,0,1,0,0,0,0,0,0,0,0,0,1,1,1,0.0,0.0,0.0,0.0,1.0,0.0,0.0,255,103,0.4,0.03,0.0,0.0,0.0,0.0,0.0,0.0,warezmaster,14
0,tcp,imap4,RSTO,0,44,0,0,0,0,0,0,0,0,0,0,0,0,0,0,0,0,2,2,0.0,0.0,1.0,1.0,0.5,1.0,1.0,144,54,0.24,0.03,0.01,0.04,0.01,0.0,0.88,0.98,mscan,14
0,icmp,ecr_i,SF,1032,0,0,0,0,0,0,0,0,0,0,0,0,0,0,0,0,0,469,469,0.0,0.0,0.0,0.0,1.0,0.0,0.0,255,255,1.0,0.0,1.0,0.0,0.0,0.0,0.0,0.0,smurf,20
799,tcp,http,RSTR,62344,0,0,0,0,0,0,1,0,0,0,0,0,0,0,0,0,0,90,90,0.02,0.02,0.98,0.98,1.0,0.0,0.0,255,253,0.99,0.01,0.0,0.0,0.01,0.01,0.48,0.48,apache2,14
0,tcp,private,REJ,0,0,0,0,0,0,0,0,0,0,0,0,0,0,0,0,0,0,103,2,0.0,0.0,1.0,1.0,0.02,0.08,0.0,255,2,0.01,0.06,0.0,0.0,0.0,0.0,1.0,1.0,neptune,21
0,udp,domain_u,SF,44,134,0,0,0,0,0,0,0,0,0,0,0,0,0,0,0,0,104,167,0.0,0.0,0.0,0.0,0.99,0.02,0.01,255,255,1.0,0.0,0.0,0.0,0.0,0.0,0.0,0.0,normal,18
1,tcp,smtp,SF,648,330,0,0,0,0,0,1,0,0,0,0,0,0,0,0,0,0,1,1,0.0,0.0,0.0,0.0,1.0,0.0,0.0,255,114,0.45,0.03,0.0,0.0,0.0,0.0,0.0,0.0,normal,21
0,tcp,http,SF,243,9392,0,0,0,0,0,1,0,0,0,0,0,0,0,0,0,0,2,5,0.0,0.0,0.0,0.0,1.0,0.0,0.4,200,255,1.0,0.0,0.0,0.01,0.0,0.0,0.0,0.0,normal,21
0,tcp,pop_3,REJ,0,0,0,0,0,0,0,0,0,0,0,0,0,0,0,0,0,0,3,16,0.0,0.0,1.0,0.94,0.33,1.0,1.0,41,41,0.24,0.12,0.02,0.05,0.02,0.0,0.8,0.98,mscan,15
0,udp,private,SF,1,0,0,0,0,0,0,0,0,0,0,0,0,0,0,0,0,0,9,1,0.0,0.0,0.0,0.0,0.11,0.56,0.0,255,1,0.0,0.27,1.0,0.0,0.0,0.0,0.0,0.0,normal,0
0,tcp,private,OTH,0,0,0,0,0,0,0,0,0,0,0,0,0,0,0,0,0,0,1,1,0.0,0.0,0.0,0.0,1.0,0.0,0.0,255,1,0.0,0.87,0.85,0.0,0.0,0.0,0.85,0.0,portsweep,14
0,tcp,auth,SF,14,39,0,0,0,0,0,0,0,0,0,0,0,0,0,0,0,0,1,1,0.0,0.0,0.0,0.0,1.0,0.0,0.0,14,4,0.07,0.14,0.07,0.5,0.0,0.0,0.0,0.0,normal,21
0,tcp,http,SF,205,294,0,0,0,0,0,1,0,0,0,0,0,0,0,0,0,0,11,14,0.0,0.0,0.0,0.0,1.0,0.0,0.14,170,255,1.0,0.0,0.01,0.03,0.0,0.0,0.0,0.0,normal,21
0,tcp,ftp_data,SF,22,0,0,0,0,0,0,0,0,0,0,0,0,0,0,0,0,0,1,1,0.0,0.0,0.0,0.0,1.0,0.0,0.0,224,38,0.15,0.03,0.15,0.05,0.0,0.0,0.04,0.0,normal,20
0,tcp,http,S0,0,0,0,0,0,0,0,0,0,0,0,0,0,0,0,0,0,0,42,42,0.64,0.64,0.33,0.33,1.0,0.0,0.0,255,255,1.0,0.0,0.0,0.0,0.14,0.14,0.7,0.7,apache2,17
0,udp,private,SF,56,58,0,0,0,0,0,0,0,0,0,0,0,0,0,0,0,0,510,510,0.0,0.0,0.0,0.0,1.0,0.0,0.0,255,255,1.0,0.0,0.87,0.0,0.0,0.0,0.0,0.0,normal,17
0,tcp,private,REJ,0,0,0,0,0,0,0,0,0,0,0,0,0,0,0,0,0,0,285,18,0.0,0.0,1.0,1.0,0.06,0.06,0.0,255,18,0.07,0.07,0.0,0.0,0.0,0.0,1.0,1.0,neptune,21
0,tcp,netstat,S0,0,0,0,0,0,0,0,0,0,0,0,0,0,0,0,0,0,0,189,19,1.0,1.0,0.0,0.0,0.1,0.09,0.0,255,19,0.07,0.08,0.0,0.0,1.0,1.0,0.0,0.0,neptune,18
0,tcp,http,SF,297,9146,0,0,0,0,0,1,0,0,0,0,0,0,0,0,0,0,6,6,0.0,0.0,0.0,0.0,1.0,0.0,0.0,161,255,1.0,0.0,0.01,0.02,0.0,0.01,0.0,0.0,normal,21
0,tcp,http,SF,316,2147,0,0,0,0,0,1,0,0,0,0,0,0,0,0,0,0,2,2,0.0,0.0,0.0,0.0,1.0,0.0,0.0,45,245,1.0,0.0,0.02,0.02,0.0,0.0,0.0,0.0,normal,21
0,udp,private,SF,1,0,0,0,0,0,0,0,0,0,0,0,0,0,0,0,0,0,82,4,0.0,0.0,0.0,0.0,0.05,0.77,0.0,255,17,0.07,0.7,0.99,0.0,0.0,0.0,0.01,0.0,normal,6
0,tcp,private,REJ,0,0,0,0,0,0,0,0,0,0,0,0,0,0,0,0,0,0,96,10,0.0,0.0,1.0,1.0,0.1,0.06,0.0,255,10,0.04,0.06,0.0,0.0,0.0,0.0,1.0,1.0,neptune,21
0,icmp,eco_i,SF,8,0,0,0,0,0,0,0,0,0,0,0,0,0,0,0,0,0,1,12,0.0,0.0,0.0,0.0,1.0,0.0,1.0,2,100,1.0,0.0,1.0,0.5,0.0,0.0,0.0,0.0,ipsweep,16
0,tcp,ftp_data,REJ,0,0,0,0,0,0,0,0,0,0,0,0,0,0,0,0,0,0,206,13,0.0,0.0,1.0,1.0,0.06,0.07,0.0,255,13,0.05,0.07,0.0,0.0,0.0,0.0,1.0,1.0,neptune,18
280,tcp,ftp_data,SF,283618,0,0,0,0,0,0,0,0,0,0,0,0,0,0,0,0,0,2,2,0.0,0.0,0.0,0.0,1.0,0.0,0.0,6,12,1.0,0.0,1.0,0.25,0.0,0.0,0.0,0.0,warezmaster,18
0,tcp,http,SF,207,200,0,0,0,0,0,1,0,0,0,0,0,0,0,0,0,0,15,15,0.0,0.0,0.0,0.0,1.0,0.0,0.0,135,255,1.0,0.0,0.01,0.01,0.0,0.0,0.0,0.0,normal,21
4,tcp,pop_3,SF,26,93,0,0,0,0,0,1,0,0,0,0,0,0,0,0,0,0,1,1,0.0,0.0,0.0,0.0,1.0,0.0,0.0,48,47,0.96,0.04,0.02,0.04,0.0,0.0,0.0,0.0,guess_passwd,6
0,udp,private,SF,46,0,0,0,0,0,0,0,0,0,0,0,0,0,0,0,0,0,3,3,0.0,0.0,0.0,0.0,1.0,0.0,0.0,255,255,1.0,0.0,0.01,0.0,0.0,0.0,0.0,0.0,snmpguess,17
0,tcp,http,SF,205,2080,0,0,0,0,0,1,0,0,0,0,0,0,0,0,0,0,10,10,0.0,0.0,0.0,0.0,1.0,0.0,0.0,30,30,1.0,0.0,0.03,0.0,0.0,0.0,0.0,0.0,normal,21
1,tcp,smtp,SF,2599,293,0,0,0,0,0,1,0,0,0,0,0,0,0,0,0,0,3,3,0.0,0.0,0.0,0.0,1.0,0.0,0.0,255,111,0.44,0.15,0.0,0.0,0.0,0.0,0.55,0.0,mailbomb,11
0,udp,domain_u,SF,45,133,0,0,0,0,0,0,0,0,0,0,0,0,0,0,0,0,91,171,0.0,0.0,0.0,0.0,1.0,0.0,0.01,255,254,1.0,0.01,0.0,0.0,0.0,0.0,0.0,0.0,normal,18
0,tcp,http,SF,309,815,0,0,0,0,0,1,0,0,0,0,0,0,0,0,0,0,2,3,0.0,0.0,0.0,0.0,1.0,0.0,0.67,2,2,1.0,0.0,0.5,0.0,0.0,0.0,0.0,0.0,normal,21
0,tcp,http,SF,237,5049,0,0,0,0,0,1,0,0,0,0,0,0,0,0,0,0,1,1,0.0,0.0,0.0,0.0,1.0,0.0,0.0,255,255,1.0,0.0,0.0,0.0,0.0,0.0,0.0,0.0,normal,21
4,tcp,pop_3,SF,32,93,0,0,0,0,0,1,0,0,0,0,0,0,0,0,0,0,1,1,0.0,0.0,0.0,0.0,1.0,0.0,0.0,255,230,0.9,0.02,0.0,0.0,0.0,0.0,0.06,0.0,guess_passwd,16
0,tcp,http,SF,331,14665,0,0,0,0,0,1,0,0,0,0,0,0,0,0,0,0,1,1,0.0,0.0,0.0,0.0,1.0,0.0,0.0,3,201,1.0,0.0,0.33,0.04,0.0,0.0,0.0,0.0,normal,21
0,udp,private,SF,55,58,0,0,0,0,0,0,0,0,0,0,0,0,0,0,0,0,511,511,0.0,0.0,0.0,0.0,1.0,0.0,0.0,255,255,1.0,0.0,0.94,0.0,0.0,0.0,0.0,0.0,normal,17
0,tcp,http,SF,245,351,0,0,0,0,0,1,0,0,0,0,0,0,0,0,0,0,13,20,0.0,0.0,0.0,0.0,1.0,0.0,0.1,254,255,1.0,0.0,0.0,0.01,0.0,0.0,0.0,0.0,normal,21
0,tcp,private,REJ,0,0,0,0,0,0,0,0,0,0,0,0,0,0,0,0,0,0,94,5,0.0,0.0,1.0,1.0,0.05,0.06,0.0,255,5,0.02,0.06,0.0,0.0,0.0,0.0,1.0,1.0,neptune,21
0,tcp,private,REJ,0,0,0,0,0,0,0,0,0,0,0,0,0,0,0,0,0,0,510,1,0.01,0.0,0.96,1.0,0.0,1.0,0.0,255,1,0.0,1.0,0.0,0.0,0.02,0.0,0.98,1.0,satan,20
0,tcp,http,SF,326,950,0,0,0,0,0,1,0,0,0,0,0,0,0,0,0,0,10,10,0.0,0.0,0.0,0.0,1.0,0.0,0.0,255,255,1.0,0.0,0.0,0.0,0.0,0.0,0.0,0.0,normal,21
282,tcp,ftp,SF,164,601,0,0,0,2,0,1,0,0,0,0,0,0,0,0,0,1,1,1,0.0,0.0,0.0,0.0,1.0,0.0,0.0,255,16,0.06,0.86,0.0,0.0,0.0,0.06,0.83,0.0,warezmaster,12
0,tcp,http,SF,313,2376,0,0,0,0,0,1,0,0,0,0,0,0,0,0,0,0,7,14,0.0,0.0,0.0,0.0,1.0,0.0,0.14,255,255,1.0,0.0,0.0,0.0,0.0,0.0,0.0,0.0,normal,21
0,tcp,private,REJ,0,0,0,0,0,0,0,0,0,0,0,0,0,0,0,0,0,0,288,12,0.0,0.0,1.0,1.0,0.04,0.06,0.0,255,12,0.05,0.07,0.0,0.0,0.0,0.0,1.0,1.0,neptune,21
0,tcp,iso_tsap,S0,0,0,0,0,0,0,0,0,0,0,0,0,0,0,0,0,0,0,269,7,1.0,1.0,0.0,0.0,0.03,0.06,0.0,255,7,0.03,0.07,0.0,0.0,1.0,1.0,0.0,0.0,neptune,20
0,tcp,ftp_data,S0,0,0,0,0,0,0,0,0,0,0,0,0,0,0,0,0,0,0,36,2,1.0,1.0,0.0,0.0,0.06,0.11,0.0,255,57,0.22,0.02,0.01,0.0,0.97,1.0,0.0,0.0,neptune,18
0,tcp,http,SF,231,480,0,0,0,0,0,1,0,0,0,0,0,0,0,0,0,0,20,20,0.0,0.0,0.0,0.0,1.0,0.0,0.0,174,255,1.0,0.0,0.01,0.01,0.01,0.0,0.0,0.0,normal,21
0,tcp,http,SF,195,1397,0,0,0,0,0,1,0,0,0,0,0,0,0,0,0,0,14,21,0.0,0.0,0.0,0.0,1.0,0.0,0.1,56,255,1.0,0.0,0.02,0.04,0.0,0.0,0.0,0.0,normal,21
0,udp,private,SF,105,146,0,0,0,0,0,0,0,0,0,0,0,0,0,0,0,0,3,3,0.0,0.0,0.0,0.0,1.0,0.0,0.0,255,254,1.0,0.01,0.0,0.0,0.0,0.0,0.0,0.0,snmpgetattack,1
0,tcp,uucp_path,REJ,0,0,0,0,0,0,0,0,0,0,0,0,0,0,0,0,0,0,233,1,0.0,0.0,1.0,1.0,0.0,0.07,0.0,255,1,0.0,0.08,0.0,0.0,0.0,0.0,1.0,1.0,neptune,18
0,icmp,ecr_i,SF,1008,0,0,0,0,0,0,0,0,0,0,0,0,0,0,0,0,0,290,290,0.0,0.0,0.0,0.0,1.0,0.0,0.0,255,255,1.0,0.0,1.0,0.0,0.0,0.0,0.0,0.0,smurf,18
0,tcp,private,REJ,0,0,0,0,0,0,0,0,0,0,0,0,0,0,0,0,0,0,13,12,0.0,0.0,1.0,1.0,0.92,0.15,0.0,255,12,0.05,0.93,0.0,0.0,0.0,0.0,0.96,1.0,neptune,17
0,tcp,http,S3,178,10257,0,0,0,0,0,1,0,0,0,0,0,0,0,0,0,0,5,35,0.2,0.03,0.0,0.0,1.0,0.0,0.11,102,255,1.0,0.0,0.01,0.01,0.01,0.01,0.0,0.0,normal,18
7554,tcp,telnet,SF,0,44,0,0,0,0,0,0,0,0,0,0,0,0,0,0,0,0,1,1,0.0,0.0,0.0,0.0,1.0,0.0,0.0,255,182,0.71,0.02,0.0,0.0,0.42,0.41,0.01,0.01,processtable,19
4,tcp,pop_3,SF,32,93,0,0,0,0,0,1,0,0,0,0,0,0,0,0,0,0,1,1,0.0,0.0,0.0,0.0,1.0,0.0,0.0,255,244,0.96,0.01,0.0,0.0,0.0,0.0,0.02,0.0,guess_passwd,18
0,tcp,private,S0,0,0,0,0,0,0,0,0,0,0,0,0,0,0,0,0,0,0,151,2,1.0,1.0,0.0,0.0,0.01,0.11,0.0,255,2,0.01,0.1,0.0,0.0,1.0,1.0,0.0,0.0,neptune,21
0,tcp,telnet,RSTO,126,188,0,0,0,0,1,0,0,0,0,0,0,0,0,0,0,0,1,1,0.0,0.0,1.0,1.0,1.0,0.0,0.0,255,254,1.0,0.01,0.0,0.0,0.01,0.01,0.02,0.02,guess_passwd,10
1,tcp,smtp,SF,1241,333,0,0,0,0,0,1,0,0,0,0,0,0,0,0,0,0,1,1,0.0,0.0,0.0,0.0,1.0,0.0,0.0,94,195,0.87,0.04,0.01,0.01,0.0,0.0,0.0,0.01,normal,21
0,tcp,http,SF,311,488,0,0,0,0,0,1,0,0,0,0,0,0,0,0,0,0,11,12,0.0,0.0,0.0,0.0,1.0,0.0,0.17,255,255,1.0,0.0,0.0,0.0,0.0,0.0,0.0,0.0,normal,21
0,tcp,http,SF,258,3502,0,0,0,0,0,1,0,0,0,0,0,0,0,0,0,0,31,31,0.0,0.0,0.0,0.0,1.0,0.0,0.0,255,255,1.0,0.0,0.0,0.0,0.0,0.0,0.0,0.0,normal,21
0,udp,private,SF,105,105,0,0,0,0,0,0,0,0,0,0,0,0,0,0,0,0,3,3,0.0,0.0,0.0,0.0,1.0,0.0,0.0,200,199,1.0,0.01,0.0,0.0,0.0,0.0,0.0,0.0,snmpgetattack,1
0,tcp,http,SF,235,14728,0,0,0,0,0,1,0,0,0,0,0,0,0,0,0,0,2,2,0.0,0.0,0.0,0.0,1.0,0.0,0.0,37,255,1.0,0.0,0.03,0.01,0.0,0.0,0.0,0.0,normal,21
0,icmp,ecr_i,SF,1032,0,0,0,0,0,0,0,0,0,0,0,0,0,0,0,0,0,192,192,0.0,0.0,0.0,0.0,1.0,0.0,0.0,255,255,1.0,0.0,1.0,0.0,0.0,0.0,0.0,0.0,smurf,19
807,tcp,http,RSTR,58624,1,0,0,0,0,0,1,0,0,0,0,0,0,0,0,0,0,43,43,0.02,0.02,0.98,0.98,1.0,0.0,0.0,255,253,0.99,0.01,0.0,0.0,0.01,0.01,0.71,0.72,apache2,14
0,tcp,http,SF,154,12888,0,0,0,0,0,1,0,0,0,0,0,0,0,0,0,0,1,1,0.0,0.0,0.0,0.0,1.0,0.0,0.0,101,255,1.0,0.0,0.01,0.02,0.0,0.0,0.0,0.0,normal,21
0,tcp,http,SF,1566,1203,0,0,0,0,0,1,0,0,0,0,0,0,0,0,0,0,66,66,0.0,0.0,0.0,0.0,1.0,0.0,0.0,255,255,1.0,0.0,0.0,0.0,0.0,0.0,0.0,0.0,normal,21
0,udp,private,SF,48,0,0,0,0,0,0,0,0,0,0,0,0,0,0,0,0,0,3,3,0.0,0.0,0.0,0.0,1.0,0.0,0.0,255,255,1.0,0.0,0.0,0.0,0.0,0.0,0.0,0.0,snmpguess,17
0,tcp,http,SF,280,2719,0,0,0,0,0,1,0,0,0,0,0,0,0,0,0,0,3,4,0.0,0.0,0.0,0.0,1.0,0.0,0.5,132,255,1.0,0.0,0.01,0.02,0.0,0.0,0.0,0.0,normal,21
0,tcp,private,REJ,0,0,0,0,0,0,0,0,0,0,0,0,0,0,0,0,0,0,244,20,0.0,0.0,1.0,1.0,0.08,0.06,0.0,255,20,0.08,0.07,0.0,0.0,0.0,0.0,1.0,1.0,neptune,21
0,tcp,private,RSTO,0,0,0,0,0,0,0,0,0,0,0,0,0,0,0,0,0,0,142,16,0.0,0.0,1.0,1.0,0.11,0.06,0.0,255,16,0.06,0.05,0.0,0.0,0.0,0.0,1.0,1.0,neptune,21
0,udp,private,SF,105,105,0,0,0,0,0,0,0,0,0,0,0,0,0,0,0,0,1,1,0.0,0.0,0.0,0.0,1.0,0.0,0.0,255,254,1.0,0.01,0.0,0.0,0.0,0.0,0.0,0.0,normal,12
0,tcp,http,SF,310,1512,0,0,0,0,0,1,0,0,0,0,0,0,0,0,0,0,13,13,0.0,0.0,0.0,0.0,1.0,0.0,0.0,135,255,1.0,0.0,0.01,0.01,0.0,0.0,0.0,0.0,normal,21
3,tcp,private,RSTR,0,0,0,0,0,0,0,0,0,0,0,0,0,0,0,0,0,0,33,2,0.0,0.0,1.0,1.0,0.06,0.61,0.0,36,2,0.06,0.58,0.92,0.0,0.0,0.0,0.92,1.0,normal,8
0,tcp,telnet,REJ,0,0,0,0,0,0,0,0,0,0,0,0,0,0,0,0,0,0,4,18,0.0,0.17,1.0,0.67,0.25,1.0,0.83,255,31,0.12,0.03,0.0,0.0,0.0,0.0,0.38,0.87,mscan,15
7951,tcp,telnet,SF,0,44,0,0,0,0,0,0,0,0,0,0,0,0,0,0,0,0,1,1,0.0,0.0,0.0,0.0,1.0,0.0,0.0,255,112,0.44,0.02,0.0,0.0,0.53,0.34,0.01,0.01,processtable,17
281,tcp,ftp,SF,158,595,0,0,0,2,0,1,0,0,0,0,0,0,0,0,0,1,1,1,0.0,0.0,0.0,0.0,1.0,0.0,0.0,123,56,0.46,0.03,0.01,0.0,0.0,0.0,0.0,0.0,warezmaster,11
0,tcp,http,SF,295,306,0,0,0,0,0,1,0,0,0,0,0,0,0,0,0,0,4,19,0.0,0.0,0.0,0.0,1.0,0.0,0.26,255,255,1.0,0.0,0.0,0.0,0.0,0.0,0.0,0.0,normal,21
0,tcp,http,SF,241,1182,0,0,0,0,0,1,0,0,0,0,0,0,0,0,0,0,2,3,0.0,0.0,0.0,0.0,1.0,0.0,0.67,2,221,1.0,0.0,0.5,0.03,0.0,0.0,0.0,0.0,normal,21
4,tcp,pop_3,SF,30,93,0,0,0,0,0,1,0,0,0,0,0,0,0,0,0,0,1,1,0.0,0.0,0.0,0.0,1.0,0.0,0.0,255,247,0.97,0.01,0.0,0.0,0.0,0.0,0.02,0.0,guess_passwd,18
0,udp,domain_u,SF,45,108,0,0,0,0,0,0,0,0,0,0,0,0,0,0,0,0,3,2,0.0,0.0,0.0,0.0,0.67,0.67,0.0,126,123,0.98,0.02,0.01,0.0,0.0,0.0,0.0,0.0,normal,21
0,tcp,Z39_50,REJ,0,0,0,0,0,0,0,0,0,0,0,0,0,0,0,0,0,0,139,10,0.0,0.0,1.0,1.0,0.07,0.06,0.0,255,10,0.04,0.06,0.0,0.0,0.0,0.0,1.0,1.0,neptune,18
0,tcp,http,SF,344,6055,0,0,0,0,0,1,0,0,0,0,0,0,0,0,0,0,2,2,0.0,0.0,0.0,0.0,1.0,0.0,0.0,16,255,1.0,0.0,0.06,0.03,0.0,0.0,0.0,0.0,normal,21
282,tcp,ftp,SF,158,595,0,0,0,2,0,1,0,0,0,0,0,0,0,0,0,1,1,1,0.0,0.0,0.0,0.0,1.0,0.0,0.0,255,7,0.03,0.39,0.0,0.0,0.19,0.0,0.39,0.0,warezmaster,12
0,tcp,http,S0,0,0,0,0,0,0,0,0,0,0,0,0,0,0,0,0,0,0,11,11,1.0,1.0,0.0,0.0,1.0,0.0,0.0,255,244,0.96,0.01,0.0,0.0,0.09,0.1,0.56,0.59,apache2,15
0,tcp,uucp,RSTO,0,0,0,0,0,0,0,0,0,0,0,0,0,0,0,0,0,0,136,4,0.0,0.0,1.0,1.0,0.03,0.06,0.0,255,4,0.02,0.06,0.0,0.0,0.0,0.0,1.0,1.0,neptune,19
282,tcp,ftp,SF,163,601,0,0,0,2,0,1,0,0,0,0,0,0,0,0,0,1,1,1,0.0,0.0,0.0,0.0,1.0,0.0,0.0,255,13,0.05,0.82,0.0,0.0,0.0,0.0,0.81,0.0,warezmaster,12
0,tcp,telnet,SF,121,174,0,0,0,0,1,0,0,0,0,0,0,0,0,0,0,0,1,1,0.0,0.0,0.0,0.0,1.0,0.0,0.0,255,254,1.0,0.01,0.0,0.0,0.01,0.01,0.02,0.02,guess_passwd,16
0,icmp,ecr_i,SF,1008,0,0,0,0,0,0,0,0,0,0,0,0,0,0,0,0,0,204,204,0.0,0.0,0.0,0.0,1.0,0.0,0.0,255,255,1.0,0.0,1.0,0.0,0.0,0.0,0.0,0.0,smurf,18
0,tcp,http,SF,54540,8314,0,0,0,2,0,1,1,0,0,0,0,0,0,0,0,0,5,32,0.0,0.0,0.0,0.0,1.0,0.0,0.06,255,248,0.97,0.01,0.0,0.0,0.0,0.0,0.06,0.06,back,12
0,tcp,ftp_data,SF,192,0,0,0,0,0,0,0,0,0,0,0,0,0,0,0,0,0,2,2,0.0,0.0,0.0,0.0,1.0,0.0,0.0,237,69,0.27,0.03,0.27,0.03,0.0,0.0,0.0,0.0,normal,21
0,tcp,rje,REJ,0,0,0,0,0,0,0,0,0,0,0,0,0,0,0,0,0,0,296,18,0.0,0.0,1.0,1.0,0.06,0.06,0.0,255,18,0.07,0.06,0.0,0.0,0.0,0.0,1.0,1.0,neptune,21
0,udp,private,SF,1,1,0,0,0,0,0,0,0,0,0,0,0,0,0,0,0,0,65,1,0.0,0.0,0.0,0.0,0.02,1.0,0.0,255,1,0.0,0.76,0.99,0.0,0.0,0.0,0.01,0.0,satan,14
0,tcp,pop_3,S0,0,0,0,0,0,0,0,0,0,0,0,0,0,0,0,0,0,0,1,4,1.0,1.0,0.0,0.0,1.0,0.0,1.0,6,85,0.33,0.5,0.17,0.04,1.0,1.0,0.0,0.0,mscan,18
0,udp,other,SF,1,1,0,0,0,0,0,0,0,0,0,0,0,0,0,0,0,0,351,1,0.0,0.0,0.0,0.0,0.0,1.0,0.0,255,1,0.0,1.0,1.0,0.0,0.0,0.0,0.0,0.0,satan,17
0,tcp,http,S0,0,0,0,0,0,0,0,0,0,0,0,0,0,0,0,0,0,0,93,93,1.0,1.0,0.0,0.0,1.0,0.0,0.0,255,255,1.0,0.0,0.0,0.0,0.58,0.58,0.39,0.39,apache2,17
0,tcp,http,SF,298,188,0,0,0,0,0,1,0,0,0,0,0,0,0,0,0,0,1,23,0.0,0.0,0.0,0.0,1.0,0.0,0.13,58,255,1.0,0.0,0.02,0.02,0.0,0.0,0.0,0.0,normal,21
0,udp,domain_u,SF,44,131,0,0,0,0,0,0,0,0,0,0,0,0,0,0,0,0,97,177,0.0,0.0,0.0,0.0,1.0,0.0,0.01,255,255,1.0,0.0,0.0,0.0,0.0,0.0,0.0,0.0,normal,18
0,tcp,http,SF,230,8854,0,0,0,0,0,1,0,0,0,0,0,0,0,0,0,0,2,10,0.0,0.0,0.0,0.0,1.0,0.0,0.2,7,255,1.0,0.0,0.14,0.06,0.0,0.0,0.0,0.0,normal,21
0,tcp,private,S0,0,0,0,0,0,0,0,0,0,0,0,0,0,0,0,0,0,0,260,5,1.0,1.0,0.0,0.0,0.02,0.07,0.0,255,5,0.02,0.07,0.0,0.0,1.0,1.0,0.0,0.0,neptune,21
0,tcp,private,S0,0,0,0,0,0,0,0,0,0,0,0,0,0,0,0,0,0,0,167,1,1.0,1.0,0.0,0.0,0.01,0.09,0.0,255,1,0.0,0.09,0.0,0.0,1.0,1.0,0.0,0.0,neptune,21
0,tcp,http,SF,219,1856,0,0,0,0,0,1,0,0,0,0,0,0,0,0,0,0,16,16,0.0,0.0,0.0,0.0,1.0,0.0,0.0,255,255,1.0,0.0,0.0,0.0,0.0,0.0,0.0,0.0,normal,21
0,udp,private,SF,1,0,0,0,0,0,0,0,0,0,0,0,0,0,0,0,0,0,23,21,0.0,0.0,0.0,0.0,0.91,0.09,0.0,255,21,0.08,0.58,0.95,0.0,0.01,0.0,0.03,0.0,normal,7
0,udp,domain_u,SF,42,42,0,0,0,0,0,0,0,0,0,0,0,0,0,0,0,0,6,11,0.0,0.0,0.0,0.0,1.0,0.0,0.18,255,251,0.98,0.01,0.0,0.0,0.0,0.0,0.0,0.0,normal,21
0,tcp,private,REJ,0,0,0,0,0,0,0,0,0,0,0,0,0,0,0,0,0,0,145,5,0.0,0.0,1.0,1.0,0.03,0.06,0.0,255,5,0.02,0.06,0.0,0.0,0.0,0.0,1.0,1.0,neptune,21
0,tcp,mtp,REJ,0,0,0,0,0,0,0,0,0,0,0,0,0,0,0,0,0,0,185,17,0.0,0.0,1.0,1.0,0.09,0.06,0.0,255,17,0.07,0.07,0.0,0.0,0.0,0.0,1.0,1.0,neptune,18
0,tcp,http,SF,224,2899,0,0,0,0,0,1,0,0,0,0,0,0,0,0,0,0,17,17,0.0,0.0,0.0,0.0,1.0,0.0,0.0,255,255,1.0,0.0,0.0,0.0,0.0,0.0,0.0,0.0,normal,21
282,tcp,ftp,SF,161,597,0,0,0,2,0,1,0,0,0,0,0,0,0,0,0,1,1,1,0.0,0.0,0.0,0.0,1.0,0.0,0.0,255,105,0.41,0.03,0.0,0.0,0.0,0.0,0.0,0.0,warezmaster,14
0,icmp,ecr_i,SF,1480,0,0,1,0,0,0,0,0,0,0,0,0,0,0,0,0,0,1,3,0.0,0.0,0.0,0.0,1.0,0.0,0.67,3,31,0.33,0.67,1.0,0.52,0.0,0.0,0.0,0.0,pod,16
